38.477182388305664
33.210039138793945
32.974958419799805
33.86974334716797
33.74147415161133
34.43264961242676
36.133527755737305
34.03663635253906
33.10537338256836
34.180641174316406
33.84137153625488
34.15536880493164
33.301353454589844
34.19208526611328
34.209489822387695
33.47969055175781
34.731149673461914
33.97369384765625
34.30938720703125
34.249067306518555
34.34300422668457
53.926944732666016
52.14118957519531
85.48569679260254
36.150217056274414
33.2791805267334
33.30636024475098
33.016204833984375
34.803152084350586
33.936262130737305
35.176753997802734
33.127784729003906
34.322500228881836
33.87928009033203
35.92705726623535
39.74580764770508
38.11478614807129
34.25192832946777
35.56561470031738
34.12652015686035
33.61344337463379
33.72311592102051
33.86712074279785
33.78629684448242
34.62862968444824
34.415483474731445
33.89477729797363
33.90169143676758
33.8435173034668
33.83517265319824
34.439802169799805
34.7437858581543
34.42740440368652
33.37812423706055
35.46929359436035
35.17484664916992
34.09981727600098
34.038543701171875
33.95271301269531
34.32583808898926
33.592939376831055
34.244537353515625
33.403873443603516
35.65382957458496
33.941030502319336
33.69927406311035
36.597251892089844
33.55979919433594
35.592079162597656
36.02242469787598
33.38265419006348
33.8902473449707
33.67328643798828
34.42645072937012
35.95328330993652
36.536455154418945
32.93609619140625
35.49027442932129
33.45322608947754
37.7349853515625
39.05892372131348
32.92059898376465
33.582448959350586
34.72614288330078
35.70270538330078
33.331871032714844
35.45331954956055
33.326148986816406
34.874677658081055
34.513235092163086
34.73043441772461
34.50131416320801
33.80155563354492
33.84590148925781
33.96940231323242
34.0116024017334
34.105539321899414
34.6221923828125
33.489227294921875
34.355878829956055
34.787893295288086
34.95311737060547
35.33434867858887
34.564971923828125
34.60502624511719
34.10768508911133
34.60216522216797
34.53850746154785
34.33394432067871
34.922122955322266
33.9505672454834
34.2710018157959
34.94691848754883
65.02890586853027
57.363271713256836
60.50848960876465
48.933982849121094
48.20704460144043
48.13075065612793
48.45905303955078
46.04768753051758
44.7080135345459
47.882795333862305
48.32291603088379
48.50268363952637
48.08306694030762
48.38228225708008
47.84369468688965
47.1043586730957
46.09107971191406
44.56591606140137
36.34166717529297
33.719539642333984
41.76640510559082
42.331695556640625
41.903018951416016
40.1158332824707
44.76213455200195
52.275896072387695
44.730186462402344
57.14225769042969
52.08277702331543
48.15101623535156
48.104047775268555
44.74616050720215
34.070491790771484
35.00223159790039
34.32774543762207
35.67981719970703
37.16301918029785
46.938419342041016
56.962013244628906
48.25115203857422
49.767255783081055
48.70104789733887
44.79193687438965
36.71526908874512
34.559011459350586
35.44044494628906
34.48820114135742
36.02933883666992
36.34953498840332
35.539865493774414
37.19449043273926
42.38581657409668
39.721012115478516
41.32080078125
41.81361198425293
44.39401626586914
41.94951057434082
40.00663757324219
40.65752029418945
35.36081314086914
34.310102462768555
39.873361587524414
41.181325912475586
44.1286563873291
47.70159721374512
43.26272010803223
42.0079231262207
40.88568687438965
40.611982345581055
39.542436599731445
40.00496864318848
38.44761848449707
40.24791717529297
41.28575325012207
38.960933685302734
39.568424224853516
33.7979793548584
32.866477966308594
34.40070152282715
33.65349769592285
35.329580307006836
40.33207893371582
40.12632369995117
39.62969779968262
38.43379020690918
40.40193557739258
41.089773178100586
39.819955825805664
39.17503356933594
40.17233848571777
39.87407684326172
38.28024864196777
40.07434844970703
40.86494445800781
41.25690460205078
41.18847846984863
38.83719444274902
38.73801231384277
41.8088436126709
38.70439529418945
38.81239891052246
41.487932205200195
39.13617134094238
37.641286849975586
39.47734832763672
37.77050971984863
40.64226150512695
36.31782531738281
39.65640068054199
39.182424545288086
39.54029083251953
38.945913314819336
35.811424255371094
38.4671688079834
36.869049072265625
37.33515739440918
36.78464889526367
39.01791572570801
45.980215072631836
41.14174842834473
52.4907112121582
58.795928955078125
45.6387996673584
36.06009483337402
37.78076171875
37.07408905029297
37.648677825927734
37.95170783996582
36.25011444091797
36.775827407836914
36.58699989318848
39.17527198791504
38.96594047546387
41.556596755981445
49.93581771850586
37.841081619262695
37.20831871032715
35.48288345336914
36.1940860748291
39.55268859863281
40.163516998291016
36.20123863220215
35.065650939941406
36.75508499145508
37.15801239013672
35.410165786743164
36.13543510437012
42.63782501220703
37.396907806396484
37.007808685302734
38.48600387573242
35.95852851867676
36.61489486694336
36.21482849121094
38.877010345458984
36.24749183654785
36.7741584777832
37.18280792236328
37.372589111328125
39.22152519226074
43.07222366333008
35.74848175048828
36.35764122009277
39.380550384521484
37.97459602355957
36.98325157165527
40.89212417602539
37.79244422912598
38.58590126037598
39.034366607666016
37.01448440551758
34.507036209106445
35.32838821411133
41.00751876831055
36.68713569641113
38.67745399475098
36.99827194213867
36.89146041870117
34.952402114868164
41.054725646972656
35.55464744567871
35.82191467285156
36.579132080078125
35.76326370239258
36.01384162902832
35.74323654174805
35.379648208618164
43.28203201293945
38.08784484863281
35.552024841308594
38.53178024291992
35.314083099365234
36.69571876525879
37.02402114868164
35.613298416137695
38.44594955444336
35.07637977600098
37.352561950683594
35.63547134399414
34.61933135986328
38.259029388427734
36.303043365478516
36.94939613342285
42.688608169555664
35.92276573181152
35.5987548828125
38.730621337890625
35.06636619567871
38.48099708557129
42.14620590209961
35.306453704833984
38.375139236450195
34.873247146606445
40.04263877868652
37.32013702392578
36.82565689086914
44.261932373046875
37.461280822753906
36.13424301147461
37.933349609375
36.492347717285156
35.66265106201172
43.11871528625488
38.469791412353516
39.40868377685547
36.93795204162598
35.30550003051758
44.13890838623047
39.18099403381348
39.69168663024902
35.28261184692383
36.99994087219238
35.82310676574707
41.441917419433594
39.681196212768555
38.17176818847656
36.621809005737305
36.21816635131836
36.16905212402344
40.555715560913086
42.26064682006836
35.227060317993164
36.972761154174805
35.816192626953125
38.49339485168457
35.76493263244629
35.230398178100586
38.35868835449219
39.931297302246094
35.54224967956543
36.209821701049805
36.09895706176758
37.95742988586426
36.27753257751465
36.72361373901367
36.98468208312988
36.63039207458496
36.2095832824707
35.61139106750488
36.36813163757324
35.569190979003906
35.30716896057129
40.74668884277344
42.33074188232422
39.43610191345215
40.50302505493164
40.624380111694336
40.21573066711426
34.22069549560547
37.21165657043457
37.43743896484375
38.73395919799805
35.1412296295166
38.05088996887207
43.15328598022461
38.700103759765625
39.808034896850586
40.32015800476074
41.75138473510742
41.48507118225098
39.083003997802734
39.864301681518555
42.10805892944336
37.02569007873535
38.90252113342285
40.292978286743164
43.08724403381348
37.26816177368164
35.66694259643555
36.35001182556152
41.5952205657959
37.80317306518555
39.5355224609375
35.56537628173828
36.11612319946289
43.146371841430664
39.58868980407715
38.06757926940918
36.1783504486084
36.75675392150879
44.17920112609863
38.800954818725586
38.8340950012207
36.997079849243164
36.192893981933594
39.34001922607422
36.66210174560547
36.09418869018555
38.306474685668945
36.85617446899414
39.53742980957031
38.74778747558594
37.369489669799805
38.42306137084961
44.165849685668945
41.545867919921875
40.24100303649902
37.30368614196777
41.36800765991211
42.37961769104004
38.535356521606445
36.97395324707031
41.82910919189453
39.778709411621094
38.59210014343262
38.712501525878906
53.97796630859375
38.0859375
39.58868980407715
36.27514839172363
40.01188278198242
38.43235969543457
38.979291915893555
36.753177642822266
39.842844009399414
36.164283752441406
37.328481674194336
37.42027282714844
37.60337829589844
36.455392837524414
37.72163391113281
36.92150115966797
40.584564208984375
38.038015365600586
37.66775131225586
36.46039962768555
37.43600845336914
36.30518913269043
36.49115562438965
36.65947914123535
38.392066955566406
39.68930244445801
46.13161087036133
39.145708084106445
37.016868591308594
36.507606506347656
36.714792251586914
39.55841064453125
37.12296485900879
36.62276268005371
37.01949119567871
36.34190559387207
36.63969039916992
40.65132141113281
41.49770736694336
40.227651596069336
37.74571418762207
37.41908073425293
38.893699645996094
36.51309013366699
39.16525840759277
37.10627555847168
37.335872650146484
38.01298141479492
41.10836982727051
37.67514228820801
37.55974769592285
36.319732666015625
37.694692611694336
36.92197799682617
36.123037338256836
39.696455001831055
38.86771202087402
40.37141799926758
40.566205978393555
40.0235652923584
40.146827697753906
40.42458534240723
42.643070220947266
40.10939598083496
43.31254959106445
40.14444351196289
42.623281478881836
39.56747055053711
35.552263259887695
37.08505630493164
35.605669021606445
41.11313819885254
40.372610092163086
37.19186782836914
38.22135925292969
42.757511138916016
46.03123664855957
40.65084457397461
38.7568473815918
37.73832321166992
36.31281852722168
35.34650802612305
44.54827308654785
41.96786880493164
38.96450996398926
40.355682373046875
37.207603454589844
42.36197471618652
38.07473182678223
36.896705627441406
48.32768440246582
40.993690490722656
41.48530960083008
38.43522071838379
37.03761100769043
36.55266761779785
37.33110427856445
42.45471954345703
46.07391357421875
40.74239730834961
39.830684661865234
41.4881706237793
39.952993392944336
44.88062858581543
39.7491455078125
39.339303970336914
41.85843467712402
38.53154182434082
51.80859565734863
39.072275161743164
43.06149482727051
39.79969024658203
39.92056846618652
41.92614555358887
38.12861442565918
38.522958755493164
37.81843185424805
39.31379318237305
39.97349739074707
41.00847244262695
43.26796531677246
40.7557487487793
38.726091384887695
40.14086723327637
46.237945556640625
41.55135154724121
37.59145736694336
39.118289947509766
38.15913200378418
50.01258850097656
40.051937103271484
37.69207000732422
37.36257553100586
36.76939010620117
48.88129234313965
39.46828842163086
37.46747970581055
36.73601150512695
37.461280822753906
36.40103340148926
36.080360412597656
36.50832176208496
40.15231132507324
38.536787033081055
47.50227928161621
70.33109664916992
43.515682220458984
45.273780822753906
41.48745536804199
39.870262145996094
37.48035430908203
38.126468658447266
42.224884033203125
44.32058334350586
41.43118858337402
40.53139686584473
41.80121421813965
40.48728942871094
42.203664779663086
37.49251365661621
37.95504570007324
37.416696548461914
35.880327224731445
36.33522987365723
35.84718704223633
37.15205192565918
38.96760940551758
38.53607177734375
40.1608943939209
36.45181655883789
36.78464889526367
47.62077331542969
38.623809814453125
36.54956817626953
40.03572463989258
36.35907173156738
37.02664375305176
36.87405586242676
37.348270416259766
39.95180130004883
36.78464889526367
40.9083366394043
44.73066329956055
43.665170669555664
43.5638427734375
40.4515266418457
41.38374328613281
38.35487365722656
40.22479057312012
41.56613349914551
39.670467376708984
40.6496524810791
41.09477996826172
41.71347618103027
40.46034812927246
40.473222732543945
45.61805725097656
43.998003005981445
44.39663887023926
43.402910232543945
40.73500633239746
44.114112854003906
44.2805290222168
44.18659210205078
59.685707092285156
47.58501052856445
41.79191589355469
40.56406021118164
42.8924560546875
45.079946517944336
42.52004623413086
40.44985771179199
39.59989547729492
39.41059112548828
40.33160209655762
37.60075569152832
37.81557083129883
53.79462242126465
58.45475196838379
44.23928260803223
40.525197982788086
38.275718688964844
38.83695602416992
45.35388946533203
41.481971740722656
42.46044158935547
41.57400131225586
38.32530975341797
36.68093681335449
35.867929458618164
35.68720817565918
38.56515884399414
42.8156852722168
42.11258888244629
53.33590507507324
48.7215518951416
48.853158950805664
48.36297035217285
53.49016189575195
45.88055610656738
41.960716247558594
44.13342475891113
43.137311935424805
43.287038803100586
42.30380058288574
40.33064842224121
37.72234916687012
38.561344146728516
41.246891021728516
41.944265365600586
49.424171447753906
44.88730430603027
42.0231819152832
45.28045654296875
41.567087173461914
39.664268493652344
38.75851631164551
37.17231750488281
36.59367561340332
36.273956298828125
39.685964584350586
42.089223861694336
41.68415069580078
41.83340072631836
42.42897033691406
42.92106628417969
41.17941856384277
48.59423637390137
44.27194595336914
42.31142997741699
38.84577751159668
37.712812423706055
39.061784744262695
36.499738693237305
45.51386833190918
38.02633285522461
37.3988151550293
36.65566444396973
36.885976791381836
41.640281677246094
45.5021858215332
41.545867919921875
42.15693473815918
39.11399841308594
38.21253776550293
40.303945541381836
58.008432388305664
37.11247444152832
40.01283645629883
36.88359260559082
40.71378707885742
39.0470027923584
37.070274353027344
37.51182556152344
38.28167915344238
47.67131805419922
62.23559379577637
51.28216743469238
48.88033866882324
48.903703689575195
46.75793647766113
42.8316593170166
47.26076126098633
49.09062385559082
50.551652908325195
48.75540733337402
46.83709144592285
42.826175689697266
40.192604064941406
38.44594955444336
37.459373474121094
37.322998046875
39.76082801818848
42.37699508666992
40.02237319946289
42.00887680053711
40.39621353149414
38.071393966674805
40.955543518066406
40.078163146972656
43.90597343444824
44.82865333557129
41.59975051879883
43.373823165893555
42.0382022857666
40.80367088317871
42.07611083984375
42.154788970947266
48.09165000915527
49.93844032287598
50.08053779602051
48.62713813781738
42.62733459472656
41.28384590148926
39.70813751220703
46.71120643615723
47.178030014038086
47.51944541931152
48.7055778503418
49.58701133728027
45.00222206115723
50.82988739013672
61.6910457611084
41.41569137573242
41.34821891784668
41.8248176574707
41.391849517822266
41.417598724365234
42.22464561462402
41.46432876586914
41.96310043334961
46.90957069396973
48.22683334350586
42.7393913269043
42.372941970825195
42.42682456970215
47.52850532531738
48.29573631286621
48.58279228210449
45.798540115356445
46.09060287475586
44.90518569946289
43.96510124206543
43.650150299072266
42.61350631713867
42.47140884399414
42.43302345275879
43.1218147277832
44.13294792175293
44.71540451049805
44.515371322631836
45.159339904785156
43.651580810546875
42.8464412689209
43.659210205078125
44.97551918029785
44.74902153015137
43.924570083618164
44.527292251586914
43.84875297546387
42.14358329772949
42.47164726257324
41.254281997680664
41.918277740478516
42.06514358520508
44.76809501647949
44.265031814575195
44.00038719177246
41.43810272216797
42.30546951293945
48.043251037597656
49.52239990234375
46.53525352478027
42.88482666015625
42.44685173034668
44.08526420593262
45.69411277770996
43.57266426086426
41.49961471557617
42.28329658508301
41.65077209472656
42.839765548706055
47.312021255493164
44.08431053161621
45.380353927612305
43.4114933013916
47.087669372558594
42.90008544921875
42.52505302429199
41.23115539550781
42.65594482421875
42.37103462219238
54.34083938598633
45.11737823486328
43.10417175292969
43.83230209350586
42.93632507324219
42.6943302154541
45.21059989929199
42.88291931152344
42.8922176361084
43.67709159851074
41.046142578125
42.06371307373047
43.4269905090332
45.491933822631836
46.0052490234375
44.28458213806152
45.38440704345703
46.03004455566406
45.42899131774902
45.26567459106445
44.76308822631836
44.61479187011719
44.53706741333008
45.19057273864746
44.46101188659668
44.97098922729492
45.08686065673828
44.84081268310547
44.91853713989258
45.07708549499512
44.65913772583008
44.875383377075195
44.89779472351074
45.52006721496582
46.39124870300293
46.8897819519043
45.78042030334473
45.52268981933594
44.67964172363281
44.837236404418945
45.1655387878418
52.435874938964844
45.89986801147461
46.1883544921875
45.71652412414551
47.71304130554199
47.88827896118164
48.4466552734375
48.218727111816406
47.24407196044922
45.827627182006836
45.87745666503906
46.761512756347656
46.43869400024414
46.92411422729492
46.57125473022461
46.42605781555176
45.93849182128906
46.95439338684082
45.8524227142334
44.948577880859375
43.85948181152344
44.228553771972656
44.351816177368164
44.76308822631836
45.281171798706055
45.35508155822754
44.30961608886719
44.87872123718262
44.27480697631836
43.549537658691406
43.89023780822754
43.34211349487305
42.49906539916992
42.6175594329834
44.68941688537598
44.777631759643555
44.46077346801758
42.82402992248535
42.61302947998047
43.863534927368164
43.93410682678223
44.025421142578125
46.141624450683594
47.67489433288574
46.860456466674805
46.2498664855957
43.807029724121094
43.96510124206543
43.57337951660156
45.99118232727051
49.57842826843262
60.724496841430664
63.64750862121582
63.936471939086914
51.87392234802246
62.150001525878906
56.52308464050293
51.119327545166016
51.029205322265625
50.409555435180664
48.97570610046387
49.76463317871094
49.61204528808594
50.76336860656738
50.043582916259766
62.18695640563965
49.475669860839844
48.36440086364746
47.23763465881348
48.686981201171875
49.81708526611328
47.75595664978027
67.34180450439453
66.16425514221191
50.8265495300293
48.82526397705078
47.14155197143555
47.514915466308594
50.22859573364258
53.34639549255371
56.43177032470703
53.44557762145996
54.041147232055664
56.290626525878906
52.53958702087402
72.2205638885498
54.755210876464844
61.176300048828125
58.63785743713379
57.92593955993652
54.68153953552246
57.15608596801758
54.843902587890625
55.33647537231445
55.68408966064453
55.043935775756836
55.336713790893555
55.394887924194336
53.27272415161133
61.01536750793457
80.25288581848145
75.0739574432373
60.90807914733887
55.30810356140137
50.905704498291016
61.40327453613281
68.47405433654785
52.37841606140137
50.9495735168457
50.533294677734375
49.78299140930176
48.88558387756348
48.935651779174805
48.7971305847168
49.56173896789551
47.600507736206055
47.035932540893555
46.54359817504883
47.03950881958008
44.97051239013672
44.81244087219238
46.22983932495117
58.389902114868164
56.674957275390625
48.64931106567383
48.62260818481445
50.65345764160156
48.6147403717041
48.65622520446777
45.77827453613281
45.65739631652832
44.83461380004883
45.01509666442871
46.56195640563965
47.36447334289551
51.04565620422363
48.6912727355957
44.84105110168457
47.377824783325195
44.44456100463867
44.461727142333984
44.84701156616211
44.50869560241699
45.05133628845215
44.44169998168945
46.06270790100098
46.2646484375
46.417236328125
45.922040939331055
45.110225677490234
43.83683204650879
44.04473304748535
44.36016082763672
45.446157455444336
46.150922775268555
46.2336540222168
44.23975944519043
44.81172561645508
44.35539245605469
43.80035400390625
45.12739181518555
45.10068893432617
44.677734375
44.50225830078125
43.451786041259766
44.523000717163086
48.62856864929199
47.10197448730469
53.21073532104492
44.80767250061035
45.11904716491699
45.80974578857422
47.028541564941406
49.00360107421875
46.18358612060547
45.44520378112793
47.174930572509766
49.03125762939453
45.48239707946777
51.939964294433594
46.175241470336914
46.85020446777344
45.50909996032715
48.10380935668945
45.26233673095703
44.30103302001953
44.66724395751953
48.55179786682129
44.571876525878906
45.018672943115234
46.7071533203125
44.17753219604492
44.30699348449707
43.85995864868164
46.738624572753906
47.365427017211914
44.435977935791016
42.53053665161133
42.78230667114258
42.91248321533203
42.6938533782959
42.69671440124512
41.33176803588867
41.23044013977051
41.09668731689453
41.92352294921875
44.239044189453125
50.48727989196777
45.36175727844238
46.576499938964844
42.64640808105469
42.348384857177734
42.22726821899414
50.20260810852051
48.34723472595215
44.644832611083984
43.14398765563965
43.83730888366699
45.06540298461914
46.44298553466797
45.84336280822754
44.95382308959961
44.70372200012207
45.01986503601074
44.11602020263672
43.65420341491699
44.54517364501953
48.070430755615234
53.29585075378418
45.32504081726074
44.877052307128906
45.60136795043945
46.350955963134766
48.1107234954834
47.55091667175293
46.14377021789551
44.82221603393555
49.45254325866699
45.299530029296875
43.814659118652344
43.76935958862305
46.34904861450195
43.11561584472656
41.88418388366699
42.64497756958008
44.24905776977539
44.2965030670166
41.88799858093262
40.80820083618164
42.153358459472656
42.603254318237305
47.44982719421387
44.580936431884766
44.043540954589844
43.66660118103027
44.954776763916016
45.053958892822266
45.894622802734375
42.3741340637207
41.08095169067383
41.326045989990234
45.549869537353516
50.116777420043945
52.07037925720215
43.4117317199707
45.618534088134766
46.63395881652832
46.60916328430176
46.4024543762207
44.47221755981445
44.422149658203125
45.665740966796875
46.073198318481445
44.31653022766113
46.95415496826172
47.4390983581543
43.51091384887695
43.51210594177246
44.7390079498291
44.997453689575195
45.801639556884766
44.36802864074707
44.54779624938965
43.695688247680664
45.90129852294922
44.538021087646484
44.75259780883789
43.967485427856445
42.63734817504883
41.65792465209961
40.91382026672363
41.78643226623535
41.9771671295166
45.958757400512695
50.025224685668945
47.663211822509766
56.58984184265137
68.27092170715332
57.71183967590332
48.62165451049805
48.33674430847168
46.529293060302734
46.376705169677734
45.82571983337402
50.695180892944336
73.30131530761719
57.39760398864746
51.436662673950195
47.79171943664551
46.09084129333496
48.564910888671875
46.42748832702637
45.10974884033203
45.11713981628418
44.347524642944336
43.212890625
43.45870018005371
43.68281364440918
42.57369041442871
42.120933532714844
41.82720184326172
41.85771942138672
44.504404067993164
60.5158805847168
46.18668556213379
42.556047439575195
43.08342933654785
45.867919921875
44.840097427368164
44.58189010620117
41.18657112121582
40.75336456298828
41.03803634643555
42.55938529968262
44.38185691833496
44.23856735229492
45.085906982421875
45.95947265625
42.821407318115234
42.85478591918945
41.74542427062988
43.36977005004883
44.146060943603516
43.40624809265137
42.760610580444336
43.004751205444336
41.96310043334961
42.61326789855957
40.77434539794922
40.55619239807129
44.808387756347656
49.06058311462402
47.812461853027344
60.81867218017578
71.65193557739258
50.73213577270508
46.69690132141113
46.889543533325195
45.59779167175293
49.2405891418457
52.712440490722656
51.6204833984375
49.967050552368164
46.46730422973633
45.445919036865234
44.606924057006836
44.478416442871094
43.72072219848633
43.617963790893555
43.34759712219238
43.25532913208008
44.68894004821777
49.683332443237305
43.95246505737305
43.077945709228516
44.35324668884277
44.39210891723633
44.6629524230957
44.797420501708984
43.63656044006348
42.43636131286621
42.29116439819336
41.734933853149414
42.212486267089844
46.686410903930664
47.04880714416504
52.13284492492676
44.194936752319336
44.09909248352051
43.695688247680664
43.04790496826172
43.16520690917969
44.127702713012695
44.56210136413574
44.94833946228027
46.706438064575195
44.623613357543945
47.33610153198242
48.430442810058594
46.71049118041992
81.57515525817871
50.13585090637207
49.60274696350098
50.48990249633789
48.986196517944336
50.58479309082031
46.904563903808594
46.78988456726074
50.51112174987793
50.79817771911621
48.763275146484375
48.920631408691406
48.57182502746582
47.92952537536621
45.529842376708984
44.72517967224121
45.575618743896484
45.970916748046875
46.341896057128906
45.05467414855957
46.622276306152344
43.23744773864746
43.0598258972168
41.975975036621094
41.41044616699219
42.18888282775879
42.55962371826172
42.380571365356445
42.16146469116211
43.38550567626953
44.29912567138672
42.21343994140625
41.87941551208496
41.048526763916016
41.878461837768555
41.08262062072754
39.84332084655762
41.04757308959961
41.32080078125
46.816110610961914
50.084829330444336
48.09165000915527
52.31785774230957
55.24277687072754
56.30612373352051
50.57883262634277
50.43911933898926
48.96855354309082
64.51034545898438
56.5946102142334
60.211181640625
64.14508819580078
58.82859230041504
52.18243598937988
52.92057991027832
54.58664894104004
49.201250076293945
49.84307289123535
51.11217498779297
51.441192626953125
49.326181411743164
48.78878593444824
52.36196517944336
52.72173881530762
53.92098426818848
51.81741714477539
54.0158748626709
51.74589157104492
51.82695388793945
52.53005027770996
51.29051208496094
50.13585090637207
51.89085006713867
54.42547798156738
57.067155838012695
50.20308494567871
48.415422439575195
48.78067970275879
44.71397399902344
43.82753372192383
44.62003707885742
47.202110290527344
47.510623931884766
47.884464263916016
47.322988510131836
47.208547592163086
46.33188247680664
46.72956466674805
46.06771469116211
46.91028594970703
45.73369026184082
46.393632888793945
45.336008071899414
44.55876350402832
45.502662658691406
43.801069259643555
41.152000427246094
42.23465919494629
43.38693618774414
47.094106674194336
50.325632095336914
45.71843147277832
49.437522888183594
64.51249122619629
50.76479911804199
51.55301094055176
61.67292594909668
50.55427551269531
50.366878509521484
47.82700538635254
46.41985893249512
45.95494270324707
45.92418670654297
47.77336120605469
52.783966064453125
45.81713676452637
45.542001724243164
46.18334770202637
44.544219970703125
43.830156326293945
44.08407211303711
43.70927810668945
43.042898178100586
44.980525970458984
46.6761589050293
46.52905464172363
44.80743408203125
43.08629035949707
43.746232986450195
43.890953063964844
43.245792388916016
43.482065200805664
45.145273208618164
44.09503936767578
44.3568229675293
43.62320899963379
43.78652572631836
44.203758239746094
42.36483573913574
41.85175895690918
41.88084602355957
41.57733917236328
41.43834114074707
41.38994216918945
45.11547088623047
49.49450492858887
43.884992599487305
51.08928680419922
54.70085144042969
50.59409141540527
45.91631889343262
46.16665840148926
45.749664306640625
47.532081604003906
52.74057388305664
47.95980453491211
45.19963264465332
46.4787483215332
46.2956428527832
47.12629318237305
46.55313491821289
44.207096099853516
44.101715087890625
48.19154739379883
46.872615814208984
53.49469184875488
45.04752159118652
45.03750801086426
45.20153999328613
44.09623146057129
44.501304626464844
44.15273666381836
47.18899726867676
49.22342300415039
51.24044418334961
51.520586013793945
51.53036117553711
50.894737243652344
50.43435096740723
47.53565788269043
46.668291091918945
45.34554481506348
44.976234436035156
43.927669525146484
44.0976619720459
43.7467098236084
44.16227340698242
46.868085861206055
47.97530174255371
48.19226264953613
46.11611366271973
47.99246788024902
50.61173439025879
78.59134674072266
61.14053726196289
56.235313415527344
55.5119514465332
52.40654945373535
52.266836166381836
52.160024642944336
50.63033103942871
51.48577690124512
49.9272346496582
50.14157295227051
53.01976203918457
48.641204833984375
49.0725040435791
48.25878143310547
48.215627670288086
48.39038848876953
52.01005935668945
49.0717887878418
50.72021484375
48.10285568237305
47.68490791320801
46.904563903808594
51.67555809020996
46.15044593811035
46.558380126953125
45.87960243225098
45.11666297912598
45.15409469604492
44.66128349304199
45.09854316711426
45.22395133972168
46.262264251708984
44.89755630493164
44.739484786987305
45.52960395812988
45.668840408325195
45.13978958129883
46.51069641113281
45.21441459655762
45.28999328613281
45.130252838134766
46.6005802154541
44.28410530090332
43.360233306884766
43.247222900390625
42.50216484069824
44.49200630187988
43.93935203552246
45.50647735595703
43.98965835571289
43.840885162353516
46.26011848449707
43.988943099975586
44.23403739929199
43.541669845581055
42.99449920654297
43.06769371032715
56.15568161010742
47.49298095703125
45.04084587097168
44.65198516845703
44.446706771850586
44.996023178100586
44.420480728149414
44.61336135864258
45.10664939880371
44.5866584777832
45.43590545654297
46.26941680908203
46.39887809753418
45.42422294616699
45.839548110961914
45.80116271972656
44.37565803527832
42.61422157287598
42.37651824951172
42.00005531311035
41.993141174316406
42.62137413024902
43.74504089355469
43.04099082946777
44.677734375
44.213056564331055
44.35920715332031
44.567108154296875
45.33267021179199
44.3575382232666
44.58355903625488
44.58165168762207
45.16911506652832
44.97408866882324
44.43931579589844
44.367074966430664
43.274879455566406
46.88525199890137
46.35310173034668
44.45600509643555
44.02732849121094
43.92361640930176
43.6551570892334
44.507741928100586
44.12198066711426
44.67010498046875
43.71190071105957
44.12984848022461
42.728424072265625
42.62185096740723
42.510986328125
42.72198677062988
43.48301887512207
45.46952247619629
44.52085494995117
43.817996978759766
42.40155220031738
41.98575019836426
40.86804389953613
42.855024337768555
44.10576820373535
44.81005668640137
43.65992546081543
42.772531509399414
42.58227348327637
42.693138122558594
42.572975158691406
42.68646240234375
43.69640350341797
44.31629180908203
44.62838172912598
42.7861213684082
42.04130172729492
41.95857048034668
41.03517532348633
40.308237075805664
41.48578643798828
40.61722755432129
41.04280471801758
41.008949279785156
40.485382080078125
39.82257843017578
39.63804244995117
39.48473930358887
39.60013389587402
39.724111557006836
39.73531723022461
39.84856605529785
39.63041305541992
39.74437713623047
39.71147537231445
39.58272933959961
39.67618942260742
43.41912269592285
39.931297302246094
39.28828239440918
39.35885429382324
39.84689712524414
39.97802734375
46.059608459472656
40.80057144165039
39.797306060791016
39.7489070892334
39.46065902709961
38.42639923095703
38.29646110534668
38.33961486816406
38.908958435058594
38.42806816101074
38.35248947143555
38.31362724304199
38.49077224731445
38.44261169433594
38.49363327026367
38.439035415649414
38.14220428466797
38.38777542114258
38.50746154785156
38.50221633911133
38.31934928894043
39.11757469177246
38.56062889099121
39.18027877807617
38.95115852355957
38.63072395324707
38.70725631713867
41.700124740600586
69.97990608215332
40.04192352294922
39.620399475097656
39.85786437988281
39.54148292541504
41.483163833618164
39.41464424133301
39.65425491333008
39.580583572387695
39.260149002075195
40.688276290893555
39.31736946105957
39.38794136047363
39.643287658691406
38.54537010192871
57.767391204833984
41.15176200866699
43.772220611572266
43.93720626831055
44.51107978820801
44.33274269104004
42.82093048095703
40.85850715637207
42.220354080200195
41.815757751464844
51.976680755615234
47.406673431396484
53.47084999084473
43.189287185668945
43.487548828125
44.08836364746094
46.172380447387695
46.09513282775879
44.850826263427734
43.44916343688965
42.24443435668945
42.67597198486328
43.746232986450195
45.641183853149414
44.5096492767334
43.695688247680664
43.61701011657715
44.09193992614746
44.84891891479492
44.808149337768555
44.32177543640137
43.740034103393555
43.79129409790039
44.153690338134766
46.20718955993652
43.79153251647949
42.705535888671875
42.80996322631836
43.20812225341797
42.3436164855957
42.60993003845215
42.56129264831543
47.65439033508301
49.395084381103516
50.60553550720215
63.03763389587402
54.16440963745117
48.192739486694336
45.633554458618164
45.78661918640137
52.8416633605957
49.36718940734863
47.89018630981445
48.26521873474121
45.58062553405762
45.68171501159668
59.7379207611084
56.32925033569336
47.33562469482422
46.24438285827637
45.8986759185791
45.55320739746094
44.870853424072266
43.69068145751953
43.5945987701416
43.72119903564453
43.96414756774902
42.946577072143555
42.76633262634277
42.24133491516113
42.10019111633301
42.41132736206055
42.95229911804199
42.04821586608887
41.948795318603516
42.86384582519531
71.19441032409668
44.32487487792969
56.22601509094238
52.05965042114258
58.79569053649902
51.77903175354004
48.77924919128418
45.56632041931152
45.26209831237793
54.21590805053711
47.949790954589844
49.99732971191406
46.006202697753906
46.256065368652344
46.56243324279785
44.045209884643555
43.894052505493164
43.13230514526367
42.185068130493164
42.36483573913574
42.09589958190918
42.836904525756836
41.118621826171875
41.27192497253418
43.349504470825195
41.11742973327637
40.79890251159668
40.19451141357422
51.18918418884277
54.75330352783203
41.56327247619629
41.506052017211914
41.387319564819336
44.365644454956055
44.293880462646484
43.256282806396484
42.38748550415039
42.18554496765137
42.250871658325195
40.70401191711426
42.67621040344238
40.86041450500488
41.87965393066406
41.07952117919922
41.388511657714844
41.33796691894531
42.96135902404785
41.57304763793945
40.22502899169922
39.67142105102539
39.64805603027344
40.1463508605957
42.85383224487305
40.2369499206543
43.286800384521484
40.197134017944336
39.57366943359375
39.79849815368652
40.598392486572266
63.65394592285156
49.95155334472656
47.387123107910156
51.28931999206543
53.08270454406738
51.33414268493652
50.87018013000488
56.77652359008789
54.59856986999512
48.83384704589844
49.086570739746094
50.82511901855469
50.83870887756348
57.4798583984375
50.212860107421875
49.92556571960449
48.87819290161133
47.686100006103516
47.02472686767578
45.595407485961914
45.57919502258301
44.66557502746582
44.08144950866699
43.91169548034668
42.9384708404541
42.67454147338867
42.740821838378906
42.337656021118164
42.13261604309082
40.93670845031738
40.86446762084961
41.05186462402344
41.32080078125
40.7865047454834
40.14444351196289
39.965152740478516
39.745330810546875
40.105342864990234
41.47005081176758
40.20357131958008
39.72029685974121
39.406776428222656
39.42608833312988
38.443565368652344
38.616180419921875
38.52701187133789
38.57612609863281
38.222312927246094
38.591861724853516
38.36393356323242
38.537025451660156
38.77067565917969
38.62810134887695
38.27357292175293
38.292884826660156
38.37895393371582
38.67626190185547
38.44165802001953
38.257598876953125
38.41829299926758
38.2230281829834
38.18082809448242
39.51287269592285
38.41733932495117
38.50913047790527
38.76924514770508
38.71417045593262
38.611412048339844
38.526296615600586
38.49649429321289
38.64455223083496
39.343833923339844
39.10112380981445
38.90705108642578
44.69585418701172
38.87605667114258
38.50746154785156
38.78450393676758
38.706302642822266
38.54942321777344
38.593292236328125
38.74659538269043
38.65528106689453
38.53893280029297
38.4981632232666
38.66100311279297
38.4368896484375
38.57231140136719
38.99431228637695
38.84148597717285
38.24877738952637
38.745880126953125
38.39540481567383
38.90395164489746
39.96014595031738
40.6184196472168
39.7181510925293
39.690256118774414
40.27247428894043
39.8259162902832
38.75589370727539
38.54084014892578
39.09015655517578
38.976430892944336
38.40470314025879
38.62929344177246
38.66744041442871
39.1850471496582
38.98429870605469
38.65408897399902
38.44141960144043
38.50531578063965
38.892269134521484
38.55776786804199
38.50126266479492
38.666486740112305
38.19751739501953
38.30695152282715
38.338422775268555
38.19704055786133
38.52701187133789
38.7113094329834
38.487911224365234
38.5279655456543
38.564443588256836
38.292884826660156
38.42043876647949
41.431427001953125
39.7191047668457
39.031028747558594
38.839101791381836
38.370370864868164
38.558006286621094
38.45953941345215
38.648366928100586
38.61260414123535
39.89529609680176
38.52653503417969
38.68222236633301
38.80929946899414
38.43402862548828
38.691043853759766
38.3303165435791
38.46287727355957
38.8033390045166
38.79857063293457
38.4213924407959
40.74239730834961
38.90275955200195
39.1995906829834
38.4678840637207
38.85149955749512
38.56396675109863
38.76185417175293
38.912296295166016
38.263797760009766
38.35558891296387
38.429975509643555
38.75994682312012
38.437843322753906
38.52581977844238
38.14125061035156
38.614749908447266
38.451433181762695
38.33270072937012
38.80047798156738
38.45548629760742
38.78378868103027
38.28573226928711
38.713693618774414
38.60783576965332
38.39111328125
38.62309455871582
39.163827896118164
38.445472717285156
38.542985916137695
38.896799087524414
38.14077377319336
38.51175308227539
38.681983947753906
38.65790367126465
38.62190246582031
38.51604461669922
38.12265396118164
38.5282039642334
38.736581802368164
38.76137733459473
38.45858573913574
38.178443908691406
38.39755058288574
38.15436363220215
38.46573829650879
39.13378715515137
39.557456970214844
38.86747360229492
39.79635238647461
38.639068603515625
39.021968841552734
38.47789764404297
38.648366928100586
39.71552848815918
38.77878189086914
38.552045822143555
38.44404220581055
38.58470916748047
38.613080978393555
39.01481628417969
38.556814193725586
38.50150108337402
38.506507873535156
38.400888442993164
38.815975189208984
38.54990005493164
38.57302665710449
38.47193717956543
38.477182388305664
38.59543800354004
38.37156295776367
38.614511489868164
38.40994834899902
38.414955139160156
38.497209548950195
38.47098350524902
38.95068168640137
39.13092613220215
40.27581214904785
39.153099060058594
38.40470314025879
38.51056098937988
38.543701171875
38.590431213378906
38.65504264831543
38.553714752197266
38.584232330322266
38.762569427490234
38.420677185058594
38.62881660461426
38.78045082092285
38.50841522216797
38.45953941345215
38.659095764160156
38.30885887145996
38.42520713806152
38.4984016418457
39.319515228271484
38.9406681060791
39.044857025146484
39.00265693664551
38.45477104187012
38.40970993041992
38.484811782836914
39.081573486328125
38.778066635131836
38.674116134643555
38.53297233581543
38.60878944396973
38.87438774108887
38.67483139038086
39.68501091003418
38.57851028442383
38.73753547668457
38.7272834777832
38.45643997192383
38.95115852355957
38.91491889953613
38.823604583740234
38.65385055541992
38.44904899597168
38.661956787109375
38.58828544616699
38.77902030944824
38.65933418273926
38.89656066894531
38.62619400024414
38.584232330322266
38.6967658996582
39.06989097595215
39.17717933654785
38.660287857055664
38.86771202087402
39.115190505981445
38.28907012939453
38.30099105834961
38.67793083190918
40.853261947631836
38.72108459472656
38.86270523071289
38.34700584411621
38.43092918395996
38.433074951171875
38.38515281677246
38.771629333496094
38.68460655212402
38.92660140991211
38.66934776306152
38.69199752807617
38.854360580444336
38.8035774230957
38.421630859375
38.7113094329834
38.69318962097168
38.74635696411133
56.95676803588867
46.51904106140137
45.41444778442383
41.419029235839844
41.94927215576172
41.161537170410156
40.95149040222168
41.8095588684082
41.27359390258789
40.65442085266113
41.93568229675293
40.36140441894531
39.91556167602539
40.172576904296875
39.47639465332031
39.5207405090332
39.438486099243164
39.40987586975098
39.80541229248047
39.636850357055664
39.6113395690918
46.03314399719238
40.017127990722656
39.780616760253906
40.360212326049805
40.27819633483887
39.919376373291016
38.68889808654785
38.344621658325195
38.530588150024414
38.575172424316406
39.690494537353516
39.140939712524414
38.62810134887695
38.89632225036621
38.613080978393555
38.85388374328613
39.510488510131836
38.741111755371094
39.08681869506836
38.4674072265625
38.25545310974121
39.61968421936035
38.864850997924805
39.09587860107422
38.331031799316406
38.22946548461914
42.970895767211914
39.92152214050293
39.75033760070801
39.60537910461426
39.492130279541016
39.829254150390625
39.321184158325195
39.4134521484375
39.4291877746582
39.34907913208008
39.936065673828125
39.7188663482666
38.71035575866699
38.42663764953613
38.55776786804199
38.80906105041504
41.85891151428223
38.916587829589844
39.54744338989258
39.88170623779297
39.7188663482666
39.60442543029785
40.32707214355469
39.652109146118164
38.613319396972656
38.63835334777832
38.61880302429199
38.57135772705078
38.934946060180664
38.69223594665527
38.44642639160156
38.7873649597168
38.799285888671875
38.4523868560791
38.45047950744629
39.23201560974121
38.62619400024414
38.65814208984375
38.65456581115723
38.33198547363281
38.48409652709961
38.72561454772949
38.36655616760254
38.61188888549805
38.626670837402344
38.361549377441406
38.382768630981445
38.733482360839844
38.503170013427734
38.25736045837402
38.27953338623047
38.75923156738281
38.27500343322754
38.68460655212402
40.17281532287598
39.86191749572754
39.83783721923828
39.925575256347656
39.73221778869629
39.32905197143555
39.578914642333984
40.61698913574219
38.4526252746582
38.37919235229492
38.48886489868164
38.5591983795166
38.41137886047363
38.659095764160156
38.53964805603027
38.340091705322266
38.58613967895508
38.370609283447266
38.939476013183594
38.60354423522949
38.770437240600586
38.376808166503906
38.44618797302246
40.69805145263672
38.51485252380371
38.710594177246094
39.37387466430664
40.209054946899414
38.88559341430664
38.52438926696777
38.48385810852051
38.14101219177246
38.652896881103516
39.444684982299805
38.30528259277344
38.3303165435791
39.698123931884766
38.50698471069336
38.410186767578125
38.56635093688965
38.32077980041504
38.85626792907715
38.56658935546875
38.35177421569824
38.77139091491699
38.46240043640137
38.56539726257324
38.40231895446777
38.26713562011719
38.823843002319336
38.31648826599121
39.85738754272461
39.17336463928223
39.656877517700195
38.9251708984375
38.57016563415527
38.349151611328125
38.47646713256836
38.5897159576416
39.28089141845703
38.306236267089844
39.0625
39.03341293334961
38.8188362121582
39.313316345214844
39.89434242248535
40.23456573486328
41.6254997253418
39.72673416137695
39.73245620727539
39.80827331542969
39.14213180541992
39.81328010559082
39.07203674316406
38.6967658996582
38.52343559265137
38.70749473571777
38.68579864501953
38.56778144836426
38.68460655212402
38.60950469970703
38.41590881347656
38.4516716003418
38.15340995788574
38.93709182739258
38.59305381774902
38.44881057739258
38.40279579162598
38.7110710144043
40.38119316101074
38.90800476074219
38.941383361816406
38.332462310791016
38.60187530517578
38.55276107788086
38.47861289978027
38.419485092163086
39.48020935058594
39.762020111083984
38.41829299926758
38.693904876708984
38.59734535217285
38.70058059692383
38.899898529052734
39.27040100097656
38.83957862854004
38.74993324279785
38.63334655761719
38.343191146850586
38.26093673706055
39.06440734863281
39.05749320983887
38.45334053039551
38.43951225280762
38.46120834350586
38.53487968444824
39.426326751708984
38.55705261230469
38.425445556640625
38.19465637207031
38.72561454772949
38.611650466918945
39.35670852661133
38.46883773803711
38.581132888793945
38.57755661010742
38.457393646240234
39.05653953552246
40.09222984313965
41.69154167175293
39.36338424682617
41.37682914733887
39.72482681274414
40.40837287902832
40.030479431152344
40.018320083618164
40.602684020996094
39.08705711364746
38.45572471618652
38.60211372375488
38.74087333679199
38.70987892150879
38.82431983947754
40.48776626586914
38.86604309082031
39.243221282958984
38.79094123840332
38.45643997192383
39.05153274536133
38.843393325805664
38.50269317626953
38.59734535217285
38.81978988647461
38.81025314331055
39.011478424072266
38.928985595703125
38.52128982543945
38.7270450592041
38.700103759765625
38.96689414978027
38.48457336425781
39.13140296936035
38.784027099609375
38.625478744506836
38.687944412231445
38.683176040649414
38.98119926452637
38.98215293884277
39.792537689208984
39.83879089355469
39.4587516784668
39.65926170349121
39.679765701293945
38.65694999694824
38.485050201416016
38.85793685913086
39.405107498168945
39.42608833312988
38.877010345458984
40.54546356201172
38.54870796203613
39.73126411437988
39.22724723815918
38.69771957397461
38.623809814453125
38.62500190734863
40.34137725830078
39.49379920959473
38.886308670043945
39.078474044799805
38.22755813598633
38.53154182434082
38.62810134887695
39.18647766113281
38.953542709350586
38.16962242126465
38.907766342163086
38.31124305725098
38.55013847351074
38.45024108886719
38.62714767456055
38.73491287231445
38.2993221282959
38.57588768005371
38.50698471069336
39.433956146240234
42.70362854003906
39.774179458618164
40.32468795776367
40.82679748535156
39.85190391540527
39.995431900024414
40.326595306396484
41.13435745239258
40.19021987915039
39.992570877075195
40.480852127075195
39.98088836669922
40.093183517456055
39.79969024658203
38.263559341430664
38.622379302978516
38.86771202087402
38.52486610412598
38.53249549865723
38.71583938598633
38.78426551818848
38.828134536743164
38.68913650512695
38.863182067871094
39.21246528625488
41.60046577453613
39.12210464477539
38.362741470336914
38.67077827453613
38.60926628112793
38.59710693359375
39.04008865356445
39.20388221740723
38.632869720458984
38.79952430725098
38.49959373474121
38.4068489074707
38.564443588256836
38.933515548706055
41.45979881286621
39.82734680175781
39.975643157958984
39.8101806640625
39.14308547973633
38.53964805603027
38.641929626464844
38.24210166931152
38.67506980895996
38.782358169555664
38.29836845397949
38.48004341125488
38.56706619262695
38.74325752258301
38.558006286621094
38.741111755371094
38.36989402770996
38.17176818847656
38.48433494567871
39.15071487426758
38.49649429321289
38.153648376464844
38.2843017578125
38.57231140136719
38.552045822143555
38.399457931518555
39.0934944152832
38.26475143432617
38.41900825500488
38.21516036987305
38.34176063537598
39.005279541015625
38.69175910949707
38.66267204284668
38.2843017578125
39.28112983703613
38.449764251708984
40.71617126464844
38.63978385925293
39.40987586975098
38.29360008239746
38.846492767333984
38.79141807556152
38.60831260681152
39.037227630615234
39.34168815612793
38.85173797607422
38.29598426818848
40.467262268066406
39.17574882507324
38.52224349975586
38.92946243286133
39.12997245788574
38.44261169433594
38.71917724609375
38.70081901550293
38.6197566986084
38.33794593811035
38.692474365234375
38.675546646118164
38.782358169555664
38.49458694458008
38.86914253234863
39.385080337524414
39.734840393066406
39.81804847717285
39.83330726623535
39.75677490234375
39.635658264160156
38.88273239135742
39.092302322387695
38.6965274810791
38.41090202331543
38.50841522216797
39.06822204589844
39.23463821411133
39.23821449279785
38.831472396850586
38.558244705200195
38.3152961730957
38.3906364440918
38.69128227233887
38.494110107421875
38.6965274810791
38.842201232910156
38.721561431884766
38.91253471374512
41.69464111328125
40.57621955871582
39.65401649475098
39.76249694824219
39.82186317443848
39.839982986450195
39.589881896972656
39.41202163696289
40.13228416442871
39.98851776123047
38.3152961730957
38.31958770751953
38.50531578063965
38.90800476074219
38.76447677612305
38.584232330322266
38.65933418273926
38.56205940246582
38.277387619018555
38.69438171386719
38.32817077636719
38.9561653137207
38.64312171936035
38.48433494567871
38.433074951171875
38.480520248413086
38.639068603515625
39.690256118774414
39.18290138244629
38.449764251708984
38.819313049316406
38.23590278625488
38.197994232177734
38.08951377868652
38.954973220825195
39.89529609680176
39.79182243347168
39.27040100097656
40.85874557495117
39.766788482666016
38.76948356628418
38.628339767456055
38.451433181762695
39.197683334350586
39.035797119140625
40.87328910827637
39.04294967651367
38.655757904052734
38.55252265930176
38.82622718811035
38.504838943481445
38.63120079040527
40.40384292602539
40.0700569152832
39.78729248046875
39.899587631225586
39.91818428039551
39.56913948059082
39.794921875
39.688825607299805
40.079593658447266
38.56801986694336
38.88726234436035
38.20490837097168
38.51127624511719
38.45357894897461
38.57994079589844
38.67840766906738
38.45477104187012
38.37847709655762
38.29622268676758
38.66243362426758
38.80047798156738
38.52415084838867
38.25688362121582
38.40827941894531
38.49315643310547
38.87176513671875
38.77997398376465
38.43998908996582
38.718223571777344
38.828134536743164
38.48433494567871
38.610219955444336
38.455963134765625
38.381099700927734
40.28010368347168
39.227962493896484
38.60139846801758
38.568973541259766
39.11328315734863
38.846731185913086
38.6500358581543
38.771867752075195
38.327932357788086
38.56968879699707
38.3152961730957
38.45357894897461
38.605690002441406
39.40391540527344
38.603782653808594
38.320302963256836
39.63208198547363
39.37077522277832
38.52272033691406
39.17884826660156
38.741350173950195
38.82193565368652
38.404226303100586
38.27381134033203
38.11478614807129
38.68293762207031
39.344072341918945
38.51890563964844
38.3143424987793
39.38937187194824
39.86310958862305
38.65814208984375
38.8643741607666
38.70964050292969
38.671255111694336
38.689374923706055
38.63239288330078
38.7570858001709
38.55133056640625
38.6507511138916
38.68556022644043
39.1085147857666
38.5289192199707
38.69771957397461
40.41171073913574
38.788557052612305
38.62190246582031
38.838863372802734
38.46335411071777
38.30862045288086
38.74039649963379
39.04914855957031
38.72513771057129
38.346290588378906
38.48862648010254
38.46478462219238
38.81692886352539
39.59155082702637
38.805484771728516
38.3906364440918
39.48330879211426
39.441585540771484
39.426565170288086
39.4749641418457
39.612531661987305
38.69056701660156
38.974761962890625
38.35868835449219
38.443803787231445
38.8796329498291
38.96069526672363
38.65981101989746
38.869380950927734
38.83767127990723
38.54513168334961
38.81502151489258
38.46240043640137
38.44046592712402
38.84077072143555
38.741111755371094
39.0627384185791
38.962602615356445
38.774967193603516
39.53194618225098
38.880348205566406
38.66934776306152
38.46240043640137
38.76447677612305
38.70224952697754
38.6502742767334
38.66076469421387
38.61093521118164
38.878679275512695
38.86246681213379
38.77711296081543
39.06607627868652
38.96665573120117
39.04604911804199
38.979530334472656
39.02792930603027
38.422346115112305
38.35296630859375
38.330078125
39.17121887207031
38.54179382324219
38.20395469665527
38.58160972595215
38.63716125488281
38.58494758605957
38.61832618713379
38.7115478515625
38.82598876953125
38.25497627258301
38.69795799255371
38.32697868347168
38.290977478027344
38.32602500915527
38.545846939086914
38.392066955566406
38.44904899597168
38.457632064819336
38.16413879394531
38.390398025512695
38.901329040527344
38.6052131652832
38.73085975646973
38.40470314025879
38.42759132385254
38.91253471374512
39.261579513549805
39.00766372680664
38.77615928649902
38.455963134765625
38.24901580810547
38.96379470825195
42.696475982666016
38.477182388305664
38.96498680114746
38.820743560791016
38.396358489990234
38.628578186035156
38.407325744628906
38.43379020690918
38.49315643310547
38.43188285827637
38.57874870300293
38.41519355773926
38.30313682556152
38.732290267944336
38.65408897399902
38.51819038391113
38.51723670959473
38.5594367980957
38.33436965942383
38.40184211730957
39.922237396240234
39.71242904663086
39.70789909362793
39.726972579956055
39.40558433532715
38.864850997924805
38.527727127075195
38.90848159790039
38.543701171875
38.42496871948242
38.50674629211426
38.61641883850098
38.48409652709961
38.5289192199707
38.89036178588867
38.77425193786621
38.376569747924805
38.81692886352539
39.06440734863281
38.564443588256836
38.66386413574219
39.385318756103516
38.483619689941406
38.41137886047363
38.49625587463379
38.95425796508789
39.26253318786621
38.35940361022949
38.654327392578125
38.426876068115234
38.44451904296875
38.45071792602539
38.47074508666992
38.37728500366211
38.1619930267334
38.388729095458984
38.41757774353027
38.37847709655762
38.56086730957031
38.41876983642578
38.73038291931152
38.63191604614258
38.70105743408203
38.637638092041016
38.52343559265137
38.67959976196289
38.6354923248291
38.58470916748047
38.66410255432129
38.75994682312012
38.414955139160156
39.09730911254883
38.999319076538086
38.87796401977539
38.34867477416992
38.64860534667969
38.60211372375488
38.79737854003906
38.88106346130371
38.45691680908203
38.710594177246094
38.69485855102539
38.588523864746094
38.564205169677734
39.034128189086914
38.86985778808594
39.26348686218262
38.78641128540039
38.245201110839844
38.46573829650879
38.42449188232422
38.552045822143555
38.445472717285156
38.34652900695801
38.281917572021484
38.36345672607422
38.28096389770508
39.17884826660156
38.51318359375
38.681745529174805
38.591861724853516
38.25521469116211
38.17319869995117
38.961172103881836
38.69819641113281
38.60354423522949
38.52415084838867
38.24734687805176
38.35463523864746
38.959503173828125
38.84530067443848
38.57302665710449
38.80429267883301
38.60330581665039
39.30258750915527
39.719581604003906
40.39716720581055
38.611412048339844
38.776397705078125
38.79666328430176
39.0012264251709
38.4373664855957
38.70820999145508
39.26587104797363
38.828134536743164
38.710594177246094
38.72847557067871
39.19076919555664
39.01362419128418
38.89894485473633
38.72799873352051
38.34676742553711
38.49434852600098
38.60640525817871
38.327932357788086
38.40899467468262
38.49363327026367
38.57755661010742
38.75923156738281
38.33746910095215
38.99240493774414
39.433956146240234
38.35463523864746
39.46948051452637
38.611650466918945
38.6044979095459
38.79904747009277
38.32507133483887
38.67006301879883
39.177894592285156
38.567543029785156
38.66219520568848
38.474082946777344
38.72513771057129
38.64550590515137
39.193153381347656
39.163827896118164
38.38753700256348
38.559913635253906
38.82145881652832
38.85197639465332
38.84625434875488
38.61856460571289
38.64312171936035
38.643598556518555
38.46001625061035
38.98334503173828
38.6967658996582
38.82312774658203
39.13283348083496
38.641929626464844
38.38086128234863
38.18392753601074
38.037776947021484
38.69318962097168
39.290428161621094
38.58685493469238
38.643836975097656
38.205623626708984
38.46430778503418
37.78672218322754
38.90109062194824
38.49172592163086
38.31911087036133
38.43212127685547
38.38515281677246
38.39755058288574
38.65647315979004
38.63716125488281
38.62428665161133
38.54799270629883
38.44761848449707
38.756370544433594
38.90109062194824
38.68603706359863
38.89060020446777
39.20769691467285
38.613080978393555
38.69962692260742
39.0324592590332
39.063453674316406
40.052175521850586
39.37530517578125
38.90538215637207
39.70599174499512
39.86859321594238
39.94178771972656
40.07577896118164
39.911746978759766
39.73889350891113
40.097713470458984
39.26205635070801
38.53011131286621
38.664817810058594
38.30075263977051
38.52534294128418
38.42949867248535
38.297176361083984
38.667917251586914
38.82646560668945
38.6357307434082
38.950204849243164
38.76757621765137
38.483619689941406
38.675546646118164
38.48862648010254
38.794517517089844
39.060115814208984
38.49077224731445
38.686275482177734
38.573503494262695
38.59972953796387
38.229942321777344
38.6962890625
38.65504264831543
38.489580154418945
38.327932357788086
38.42759132385254
38.73324394226074
38.62428665161133
38.53607177734375
38.95854949951172
38.54084014892578
38.637399673461914
38.32101821899414
38.70534896850586
38.81263732910156
38.8028621673584
38.52701187133789
38.60735893249512
38.3756160736084
38.632869720458984
38.571834564208984
38.73467445373535
38.45548629760742
38.58518600463867
39.4282341003418
38.895368576049805
38.6652946472168
38.8486385345459
38.500308990478516
38.44738006591797
38.61665725708008
38.461923599243164
38.59138488769531
38.67650032043457
38.39564323425293
38.808584213256836
38.355350494384766
39.4597053527832
39.38913345336914
38.45405578613281
40.15016555786133
40.251970291137695
39.81471061706543
39.942026138305664
38.40017318725586
38.4678840637207
38.702964782714844
38.64336013793945
38.79261016845703
38.88964653015137
38.95926475524902
38.49935531616211
39.125919342041016
38.930654525756836
38.580894470214844
38.35701942443848
38.555145263671875
38.62452507019043
38.74039649963379
38.57231140136719
38.69795799255371
38.54036331176758
38.34271430969238
38.3303165435791
39.27731513977051
38.26403617858887
38.474321365356445
38.936614990234375
38.4066104888916
38.43355178833008
38.4824275970459
38.78474235534668
38.988590240478516
38.69318962097168
38.81406784057617
38.54656219482422
38.483381271362305
38.61665725708008
38.60139846801758
38.69819641113281
38.568735122680664
38.32054138183594
38.541555404663086
38.604021072387695
38.63072395324707
38.515567779541016
38.587093353271484
38.68460655212402
39.31236267089844
38.92660140991211
39.92295265197754
38.6357307434082
38.5441780090332
38.945913314819336
38.909912109375
40.51637649536133
38.33770751953125
38.61713409423828
39.48569297790527
38.95449638366699
38.84720802307129
38.98787498474121
38.434743881225586
38.50603103637695
38.9404296875
38.72489929199219
38.155555725097656
38.388967514038086
38.4366512298584
38.57111930847168
38.7880802154541
38.36250305175781
38.829803466796875
38.49220275878906
38.74349594116211
38.79261016845703
38.39898109436035
38.880109786987305
38.50388526916504
39.010047912597656
38.79857063293457
38.39874267578125
38.39826583862305
38.500308990478516
38.63334655761719
38.89632225036621
38.57421875
38.346290588378906
38.64336013793945
38.567304611206055
38.80882263183594
38.360595703125
38.306236267089844
38.89179229736328
38.369178771972656
38.271188735961914
38.14959526062012
38.489341735839844
38.31148147583008
38.477420806884766
38.495779037475586
38.424015045166016
38.78498077392578
38.254737854003906
39.38174247741699
38.45572471618652
38.269758224487305
38.330793380737305
38.04516792297363
38.56635093688965
38.30361366271973
38.44857215881348
38.34819793701172
38.25712203979492
38.585662841796875
40.33255577087402
39.05081748962402
38.758277893066406
38.27548027038574
38.28859329223633
38.38300704956055
38.51509094238281
38.62881660461426
38.27786445617676
38.51675987243652
38.669586181640625
38.483619689941406
38.09762001037598
37.61005401611328
37.73379325866699
37.40835189819336
37.71662712097168
38.67173194885254
38.46383094787598
38.44809532165527
45.67456245422363
45.063018798828125
40.07911682128906
39.6268367767334
39.63160514831543
39.838314056396484
40.08793830871582
38.96737098693848
38.84434700012207
38.197994232177734
38.445472717285156
38.358211517333984
38.49458694458008
38.460731506347656
38.43569755554199
38.59138488769531
38.12408447265625
38.401126861572266
39.130449295043945
38.26594352722168
38.69342803955078
38.17033767700195
38.52415084838867
38.3908748626709
38.290977478027344
38.65981101989746
39.658546447753906
38.82956504821777
38.606882095336914
38.78331184387207
38.80667686462402
38.65504264831543
39.1693115234375
38.77973556518555
38.687944412231445
38.69175910949707
38.62786293029785
38.51151466369629
38.95902633666992
38.89727592468262
38.60020637512207
38.400888442993164
38.70511054992676
38.82265090942383
39.87836837768555
38.643598556518555
38.80023956298828
38.69271278381348
38.65480422973633
39.01243209838867
38.2230281829834
38.56492042541504
38.74063491821289
38.576602935791016
38.6044979095459
38.3760929107666
39.58415985107422
38.442373275756836
39.09778594970703
39.08109664916992
38.70725631713867
39.20292854309082
39.632558822631836
39.48402404785156
39.57653045654297
39.493560791015625
38.407325744628906
38.669586181640625
38.42759132385254
39.67022895812988
38.71870040893555
38.556575775146484
38.77711296081543
38.436174392700195
38.733482360839844
38.30552101135254
38.79404067993164
38.628578186035156
39.743900299072266
38.71917724609375
38.77592086791992
38.52248191833496
38.56229782104492
38.63406181335449
39.063453674316406
38.78021240234375
38.503170013427734
38.47193717956543
38.625478744506836
38.483381271362305
38.787841796875
38.34033012390137
38.208723068237305
38.48862648010254
38.489580154418945
43.08462142944336
39.48330879211426
38.596153259277344
38.472890853881836
38.50507736206055
38.631439208984375
38.5286808013916
38.32077980041504
38.736820220947266
38.63883018493652
38.35749626159668
38.49077224731445
39.182186126708984
38.9399528503418
40.703535079956055
41.172027587890625
38.710594177246094
38.61045837402344
38.472652435302734
38.5434627532959
38.483381271362305
38.92803192138672
38.424015045166016
38.717031478881836
38.60330581665039
38.62643241882324
41.49484634399414
39.20459747314453
38.75875473022461
38.56229782104492
38.579702377319336
38.904666900634766
38.70844841003418
39.032936096191406
39.40939903259277
39.83259201049805
39.46518898010254
38.66863250732422
38.41757774353027
38.60902786254883
38.76852989196777
38.574934005737305
38.33723068237305
38.43975067138672
38.4974479675293
38.3906364440918
38.582563400268555
38.49005699157715
38.610219955444336
38.61832618713379
38.76328468322754
38.4364128112793
38.515329360961914
38.205623626708984
38.315534591674805
38.53130340576172
38.887739181518555
38.74802589416504
38.58757019042969
38.62619400024414
38.65814208984375
40.30489921569824
39.2451286315918
38.47694396972656
38.87820243835449
38.67053985595703
38.94233703613281
38.72251510620117
38.35010528564453
38.50436210632324
38.79046440124512
38.565635681152344
38.66720199584961
38.878679275512695
38.4974479675293
38.56205940246582
38.73634338378906
40.70639610290527
39.16478157043457
38.26475143432617
38.69771957397461
38.76781463623047
38.501739501953125
38.582801818847656
38.38181495666504
38.520097732543945
45.1047420501709
39.031982421875
38.77758979797363
38.817405700683594
39.10207748413086
38.59090805053711
38.901329040527344
38.63692283630371
38.796186447143555
38.62357139587402
38.42020034790039
38.73944282531738
38.63668441772461
38.47241401672363
38.71917724609375
38.59138488769531
38.65456581115723
38.786888122558594
38.6815071105957
38.70654106140137
38.378238677978516
38.8185977935791
38.871049880981445
38.391828536987305
38.36369514465332
39.640188217163086
38.48886489868164
38.47241401672363
38.72966766357422
38.282155990600586
38.54990005493164
38.62881660461426
38.95759582519531
38.382768630981445
38.323402404785156
38.294315338134766
38.29693794250488
39.144277572631836
38.91801834106445
38.387298583984375
38.21897506713867
38.530588150024414
38.558244705200195
38.49649429321289
38.21730613708496
38.420677185058594
38.95211219787598
38.726091384887695
38.47670555114746
38.496971130371094
38.207054138183594
39.51311111450195
38.73586654663086
38.83671760559082
39.1232967376709
38.887739181518555
38.86079788208008
38.949012756347656
38.83695602416992
39.46352005004883
38.71464729309082
38.725852966308594
38.45643997192383
39.26229476928711
39.57080841064453
38.86866569519043
38.956403732299805
38.71583938598633
38.561344146728516
40.79008102416992
39.50023651123047
39.15143013000488
38.61260414123535
39.041757583618164
38.84267807006836
38.34676742553711
38.468360900878906
39.156198501586914
38.54513168334961
38.66386413574219
38.71798515319824
38.239240646362305
38.59114646911621
39.423227310180664
38.98024559020996
38.91634941101074
39.768218994140625
39.03007507324219
38.78927230834961
38.973331451416016
38.58828544616699
39.06846046447754
38.919687271118164
38.79213333129883
40.32421112060547
39.34812545776367
38.73610496520996
38.88726234436035
40.10438919067383
39.000749588012695
38.81025314331055
38.817644119262695
38.64860534667969
38.777828216552734
38.58375549316406
38.996219635009766
38.62452507019043
38.7723445892334
38.651227951049805
41.08381271362305
38.98906707763672
38.634538650512695
38.681983947753906
39.06393051147461
38.66839408874512
38.50555419921875
38.21992874145508
38.30456733703613
38.66124153137207
38.378000259399414
41.72801971435547
38.38396072387695
38.37442398071289
38.66839408874512
38.78068923950195
38.78521919250488
38.70534896850586
38.704633712768555
39.21318054199219
38.74492645263672
38.68699073791504
38.62905502319336
38.59233856201172
39.043426513671875
38.793087005615234
39.525508880615234
38.51151466369629
38.56086730957031
39.6420955657959
38.41376304626465
38.78140449523926
38.82741928100586
38.65623474121094
38.658857345581055
38.538217544555664
38.614511489868164
45.398712158203125
39.63112831115723
38.58041763305664
38.70892524719238
38.84315490722656
38.895606994628906
39.14833068847656
41.1381721496582
39.58868980407715
40.09222984313965
39.84355926513672
39.673805236816406
39.51454162597656
38.904666900634766
39.147377014160156
38.34199905395508
38.27929496765137
38.17176818847656
38.487911224365234
38.41853141784668
38.47861289978027
38.18535804748535
38.129568099975586
38.63692283630371
39.2909049987793
38.20204734802246
38.42043876647949
38.579463958740234
38.66243362426758
38.286685943603516
38.49291801452637
38.466691970825195
38.46383094787598
38.57111930847168
38.67697715759277
38.80929946899414
38.45024108886719
38.596153259277344
38.54799270629883
39.02387619018555
39.23392295837402
38.59210014343262
38.506269454956055
38.67626190185547
38.794517517089844
38.84124755859375
38.765907287597656
38.72561454772949
38.90490531921387
38.771867752075195
39.31021690368652
39.09802436828613
41.826725006103516
39.1848087310791
38.79237174987793
38.37418556213379
38.52486610412598
38.37394714355469
38.710594177246094
38.923025131225586
38.59972953796387
38.15650939941406
38.407087326049805
38.62643241882324
38.747310638427734
38.41567039489746
38.857221603393555
38.782358169555664
38.055419921875
38.4981632232666
38.61498832702637
38.42782974243164
38.55705261230469
38.61045837402344
38.59829902648926
40.2064323425293
38.518428802490234
40.62604904174805
39.97373580932617
38.46478462219238
38.817405700683594
38.45405578613281
62.902212142944336
43.588876724243164
45.426368713378906
43.78032684326172
44.82555389404297
46.22817039489746
45.70627212524414
45.30024528503418
45.53818702697754
44.475555419921875
43.6403751373291
43.5945987701416
42.21487045288086
42.57965087890625
42.327880859375
42.144775390625
46.71216011047363
43.08438301086426
43.2438850402832
42.7548885345459
42.510986328125
42.946815490722656
42.4954891204834
42.78850555419922
42.47570037841797
41.96429252624512
45.44520378112793
43.59722137451172
41.67008399963379
42.71340370178223
42.72794723510742
51.577091217041016
43.20979118347168
42.68312454223633
59.815406799316406
46.7073917388916
44.64459419250488
43.91765594482422
43.968915939331055
45.8526611328125
45.618534088134766
44.171810150146484
44.068098068237305
43.55621337890625
43.85662078857422
43.15948486328125
42.29545593261719
42.455434799194336
43.07699203491211
41.78047180175781
41.63718223571777
41.11504554748535
40.964603424072266
41.50867462158203
41.1529541015625
40.82441329956055
40.87686538696289
42.508840560913086
41.16082191467285
40.77601432800293
39.92915153503418
39.96109962463379
40.68636894226074
40.818214416503906
46.30541801452637
43.11680793762207
41.422367095947266
41.62001609802246
41.13268852233887
40.918827056884766
42.28830337524414
41.602373123168945
41.341304779052734
42.316436767578125
39.92605209350586
41.20683670043945
65.95158576965332
52.780866622924805
54.39901351928711
53.44533920288086
50.75645446777344
49.323320388793945
50.603628158569336
62.34574317932129
54.69489097595215
54.857730865478516
55.94158172607422
60.91022491455078
65.1850700378418
64.29100036621094
65.9799575805664
53.54785919189453
52.002668380737305
51.18870735168457
51.37920379638672
49.103498458862305
48.55656623840332
46.61059379577637
46.91195487976074
45.95303535461426
45.11666297912598
44.638872146606445
43.763160705566406
43.701887130737305
43.588876724243164
42.08183288574219
42.337656021118164
52.188873291015625
53.27343940734863
52.147626876831055
50.971269607543945
50.21381378173828
51.90873146057129
52.51455307006836
54.05020713806152
58.84861946105957
53.99799346923828
49.84855651855469
49.944400787353516
50.60100555419922
52.55603790283203
52.37889289855957
52.82735824584961
48.80475997924805
48.841238021850586
47.034263610839844
47.07217216491699
47.05309867858887
45.37606239318848
46.20194435119629
46.45514488220215
45.929908752441406
45.931339263916016
45.43900489807129
44.82221603393555
43.70379447937012
43.60365867614746
43.609619140625
42.19818115234375
42.88363456726074
42.64974594116211
42.72007942199707
42.99664497375488
43.21742057800293
43.219804763793945
43.492794036865234
43.00117492675781
42.88530349731445
42.62256622314453
42.58251190185547
42.41228103637695
42.87576675415039
42.1442985534668
44.341087341308594
41.24188423156738
40.89808464050293
41.0313606262207
41.03732109069824
40.772438049316406
63.12108039855957
45.78876495361328
44.51274871826172
42.594194412231445
43.53833198547363
47.18828201293945
42.272090911865234
41.20612144470215
41.39065742492676
40.8782958984375
40.99130630493164
41.237592697143555
40.58670997619629
39.91222381591797
39.85333442687988
39.86620903015137
39.97159004211426
40.1759147644043
40.534257888793945
39.76941108703613
39.420366287231445
39.485931396484375
39.80088233947754
39.693593978881836
42.241811752319336
39.930105209350586
39.665937423706055
38.51938247680664
39.626121520996094
40.53092002868652
41.66769981384277
41.02826118469238
40.5881404876709
40.49038887023926
41.65816307067871
42.1142578125
41.11456871032715
40.93313217163086
40.252685546875
45.690059661865234
44.11721229553223
42.23823547363281
41.27669334411621
42.23012924194336
41.33486747741699
41.176557540893555
41.982173919677734
41.2447452545166
41.40353202819824
41.237592697143555
40.87662696838379
40.74859619140625
40.80653190612793
40.162086486816406
39.684295654296875
39.41154479980469
39.68954086303711
39.86501693725586
40.535926818847656
39.69407081604004
40.46964645385742
39.69597816467285
39.42394256591797
39.35813903808594
40.39287567138672
40.58241844177246
39.64567184448242
39.92962837219238
40.59100151062012
39.40987586975098
38.794755935668945
38.44571113586426
38.630008697509766
39.84212875366211
38.985252380371094
38.7425422668457
38.327932357788086
38.9556884765625
39.59012031555176
41.04495048522949
43.95937919616699
45.49431800842285
43.95651817321777
45.33815383911133
45.36175727844238
44.32034492492676
41.13197326660156
41.65148735046387
40.251970291137695
39.82138633728027
40.4200553894043
39.727210998535156
40.509700775146484
42.35076904296875
40.9393310546875
39.244651794433594
41.82791709899902
39.838314056396484
39.8099422454834
39.49403762817383
64.81575965881348
58.032989501953125
50.42839050292969
47.51420021057129
50.896406173706055
54.38709259033203
51.779985427856445
54.294586181640625
50.10509490966797
58.188438415527344
50.630807876586914
52.42800712585449
53.47275733947754
54.694175720214844
57.610511779785156
49.74508285522461
49.88598823547363
47.51777648925781
46.40007019042969
46.445608139038086
45.06564140319824
43.63608360290527
43.77293586730957
43.219804763793945
42.157649993896484
42.04607009887695
41.954755783081055
40.69113731384277
40.702104568481445
41.16344451904297
40.75932502746582
40.83561897277832
40.107011795043945
39.61539268493652
40.070295333862305
40.503740310668945
39.884090423583984
39.50333595275879
41.216373443603516
39.37411308288574
39.571285247802734
39.449453353881836
39.59846496582031
38.92350196838379
40.036916732788086
38.931846618652344
38.352012634277344
38.66410255432129
39.579153060913086
38.72823715209961
38.60592842102051
38.677215576171875
40.1003360748291
39.00456428527832
39.609670639038086
39.602041244506836
38.4366512298584
38.40374946594238
41.80455207824707
54.161787033081055
55.15933036804199
44.73233222961426
43.72096061706543
44.22187805175781
45.95017433166504
44.249534606933594
42.951345443725586
42.53888130187988
42.39654541015625
42.36745834350586
42.398691177368164
41.73636436462402
41.05091094970703
46.80657386779785
47.8360652923584
50.88353157043457
44.22593116760254
43.775081634521484
44.28219795227051
43.064117431640625
43.52688789367676
42.04893112182617
43.42007637023926
41.26453399658203
41.10264778137207
41.13149642944336
41.03374481201172
41.64481163024902
41.40877723693848
40.69113731384277
39.95323181152344
39.61324691772461
40.24767875671387
41.23091697692871
41.18537902832031
39.83616828918457
39.83640670776367
39.92199897766113
40.25864601135254
40.77935218811035
39.96109962463379
39.17741775512695
39.44230079650879
45.513153076171875
44.12961006164551
44.56067085266113
45.267581939697266
44.883012771606445
45.203208923339844
44.86560821533203
43.71213912963867
44.01850700378418
44.397830963134766
45.092105865478516
46.15306854248047
45.14265060424805
45.97163200378418
45.368194580078125
45.63426971435547
45.563459396362305
45.632362365722656
44.883012771606445
44.28863525390625
44.72684860229492
44.70205307006836
52.62947082519531
48.612356185913086
57.50870704650879
72.82233238220215
58.31313133239746
55.19866943359375
56.12349510192871
56.720733642578125
57.39021301269531
57.767629623413086
56.42271041870117
53.496360778808594
53.49397659301758
54.02183532714844
53.89142036437988
53.522586822509766
52.98042297363281
52.707672119140625
53.03764343261719
53.01618576049805
53.04241180419922
53.0855655670166
53.1008243560791
51.94735527038574
51.871538162231445
57.71327018737793
52.979469299316406
51.21803283691406
50.498008728027344
50.786733627319336
50.8418083190918
50.57215690612793
50.97651481628418
49.8814582824707
48.91514778137207
49.256086349487305
48.797607421875
48.60997200012207
48.54297637939453
50.0798225402832
50.848960876464844
52.388668060302734
52.9637336730957
50.79483985900879
50.8577823638916
51.663875579833984
51.306724548339844
51.02133750915527
51.0859489440918
50.75860023498535
50.73714256286621
51.527976989746094
51.1171817779541
50.950050354003906
50.69732666015625
52.85453796386719
52.95968055725098
52.41107940673828
51.020145416259766
77.18777656555176
71.71773910522461
76.88450813293457
60.6083869934082
56.04743957519531
64.15152549743652
80.70492744445801
77.48961448669434
78.88293266296387
80.06048202514648
75.8812427520752
72.54528999328613
75.70099830627441
71.30622863769531
68.38440895080566
65.62948226928711
92.75293350219727
74.86367225646973
69.59819793701172
62.36529350280762
58.82835388183594
56.77008628845215
54.68297004699707
53.50375175476074
52.78325080871582
52.77132987976074
55.4044246673584
56.5035343170166
59.41009521484375
80.64675331115723
56.03289604187012
56.44941329956055
56.43010139465332
71.34056091308594
54.453134536743164
54.83508110046387
54.90446090698242
55.41539192199707
55.100202560424805
54.05998229980469
58.48360061645508
55.437564849853516
55.738210678100586
82.72051811218262
59.30304527282715
59.487104415893555
63.933372497558594
79.97870445251465
70.18160820007324
58.440446853637695
59.07845497131348
75.27565956115723
61.61212921142578
60.666561126708984
59.404850006103516
57.552337646484375
58.083295822143555
62.40677833557129
57.74712562561035
56.90336227416992
55.32956123352051
55.43160438537598
55.303335189819336
55.66573143005371
56.28538131713867
55.8466911315918
54.589033126831055
54.32724952697754
56.241750717163086
55.05490303039551
55.266380310058594
54.60381507873535
55.74369430541992
54.70418930053711
55.08923530578613
59.13686752319336
76.80511474609375
83.56523513793945
64.80288505554199
59.69643592834473
57.71803855895996
58.02655220031738
55.73391914367676
55.228471755981445
55.06157875061035
53.60293388366699
52.34217643737793
50.589561462402344
50.63939094543457
49.63254928588867
48.45929145812988
48.32744598388672
47.73998260498047
48.590898513793945
48.603057861328125
48.17986488342285
48.516273498535156
51.0251522064209
49.52096939086914
49.3772029876709
54.27241325378418
50.21047592163086
52.83617973327637
56.70785903930664
82.06939697265625
56.00142478942871
55.91154098510742
64.53633308410645
58.62832069396973
70.92952728271484
60.33682823181152
60.64176559448242
66.6203498840332
63.31896781921387
70.31106948852539
60.80937385559082
58.19511413574219
62.52312660217285
71.32530212402344
54.11720275878906
52.62923240661621
51.772356033325195
50.8885383605957
50.145626068115234
47.43361473083496
47.10054397583008
45.838356018066406
45.66192626953125
45.79615592956543
46.84638977050781
45.810699462890625
45.731544494628906
44.492244720458984
44.379234313964844
43.950796127319336
44.683218002319336
43.98655891418457
44.640541076660156
44.39520835876465
52.37722396850586
47.46580123901367
46.04506492614746
45.472145080566406
45.57037353515625
45.15242576599121
44.49295997619629
45.018672943115234
44.2204475402832
44.74067687988281
45.64952850341797
44.732093811035156
43.828487396240234
45.49598693847656
45.831918716430664
45.21584510803223
45.91679573059082
45.97878456115723
46.01788520812988
45.55463790893555
45.57085037231445
46.07582092285156
46.56624794006348
44.368743896484375
44.7840690612793
44.36326026916504
44.60430145263672
47.00207710266113
45.55034637451172
46.04053497314453
48.363685607910156
45.20297050476074
43.72906684875488
44.97027397155762
45.209407806396484
47.37496376037598
46.354055404663086
48.032283782958984
44.09384727478027
44.51560974121094
45.45092582702637
43.5028076171875
43.67542266845703
43.31827163696289
49.15595054626465
44.097185134887695
43.969154357910156
44.579505920410156
44.34323310852051
43.624162673950195
43.03789138793945
43.92266273498535
45.84622383117676
52.60181427001953
53.2526969909668
47.71304130554199
48.288583755493164
47.78861999511719
49.73006248474121
49.57103729248047
49.677133560180664
51.561594009399414
49.12543296813965
48.9349365234375
47.681570053100586
47.44839668273926
47.58620262145996
47.3630428314209
45.487403869628906
45.24970054626465
45.660972595214844
44.3265438079834
50.664424896240234
55.493831634521484
58.11452865600586
55.37152290344238
54.234981536865234
60.426950454711914
59.90481376647949
56.148529052734375
57.60455131530762
57.30390548706055
56.66208267211914
56.79655075073242
68.47238540649414
57.97004699707031
55.97639083862305
52.83856391906738
50.5824089050293
50.94337463378906
49.593448638916016
48.81572723388672
47.54304885864258
47.34373092651367
48.589229583740234
48.768043518066406
56.853532791137695
47.27005958557129
49.393415451049805
55.72223663330078
61.53464317321777
51.512718200683594
50.80604553222656
53.70473861694336
52.97040939331055
53.10869216918945
65.62924385070801
60.999155044555664
60.73617935180664
62.44707107543945
59.973716735839844
85.29782295227051
64.05520439147949
55.84263801574707
52.03533172607422
53.745269775390625
53.33828926086426
51.28121376037598
48.654794692993164
47.820329666137695
47.176361083984375
47.06144332885742
45.88055610656738
45.40729522705078
46.352386474609375
44.39663887023926
43.982505798339844
43.97273063659668
44.068098068237305
42.893171310424805
43.01285743713379
43.03431510925293
43.138742446899414
43.25437545776367
43.537139892578125
43.076515197753906
42.68932342529297
41.27788543701172
41.4729118347168
41.48268699645996
41.63861274719238
41.69631004333496
41.56970977783203
43.63751411437988
41.742801666259766
41.28861427307129
41.38588905334473
41.467905044555664
41.402339935302734
41.2745475769043
41.52035713195801
42.60897636413574
41.49174690246582
41.61977767944336
41.56661033630371
41.42332077026367
41.38612747192383
40.6951904296875
40.79747200012207
40.19761085510254
40.64130783081055
40.01641273498535
40.437936782836914
40.53521156311035
40.48585891723633
41.19729995727539
42.43731498718262
42.14787483215332
45.870304107666016
41.12720489501953
41.21041297912598
41.06497764587402
41.1534309387207
40.89927673339844
41.31484031677246
41.40138626098633
42.742252349853516
43.866872787475586
41.54014587402344
41.33343696594238
41.261911392211914
42.01650619506836
42.751312255859375
41.672706604003906
41.43118858337402
43.64752769470215
41.27955436706543
41.390419006347656
41.38588905334473
41.67675971984863
41.65935516357422
42.39392280578613
42.61136054992676
41.5189266204834
41.52107238769531
41.5043830871582
41.73755645751953
41.31507873535156
41.42951965332031
41.921138763427734
41.51463508605957
41.53323173522949
41.115522384643555
41.50819778442383
41.30911827087402
41.29195213317871
41.58759117126465
41.28265380859375
41.30387306213379
41.365861892700195
40.55929183959961
40.001869201660156
39.60299491882324
40.467262268066406
39.42418098449707
39.62588310241699
45.42350769042969
41.131019592285156
40.221214294433594
40.557146072387695
40.56882858276367
40.38667678833008
41.905879974365234
42.54269599914551
48.66647720336914
48.21443557739258
49.79133605957031
45.83239555358887
45.2265739440918
45.09282112121582
48.322439193725586
46.02980613708496
46.950578689575195
46.27871513366699
46.22364044189453
45.9897518157959
45.81570625305176
46.065330505371094
47.942399978637695
45.5322265625
45.65095901489258
46.362876892089844
53.54166030883789
48.66290092468262
47.04570770263672
46.58102989196777
47.83987998962402
47.944068908691406
48.03323745727539
48.48909378051758
50.8270263671875
49.51119422912598
51.27906799316406
49.74675178527832
49.50428009033203
52.66857147216797
61.64073944091797
61.58328056335449
52.08134651184082
49.9730110168457
50.25529861450195
52.31928825378418
50.39477348327637
49.8967170715332
49.777984619140625
49.32832717895508
49.38101768493652
49.63207244873047
47.75404930114746
47.43647575378418
46.973228454589844
47.176361083984375
45.558929443359375
45.5629825592041
44.01350021362305
43.84779930114746
43.897390365600586
43.454647064208984
42.44184494018555
45.38226127624512
42.94633865356445
42.76084899902344
42.58441925048828
42.763710021972656
42.61279106140137
42.543649673461914
41.0459041595459
42.157649993896484
46.175241470336914
41.73731803894043
43.61867904663086
43.78175735473633
45.922040939331055
46.999216079711914
47.564029693603516
48.203229904174805
73.41289520263672
67.22331047058105
67.72184371948242
67.8703784942627
77.7139663696289
66.88618659973145
68.34650039672852
61.638593673706055
60.23073196411133
61.76280975341797
55.64260482788086
57.7702522277832
55.350542068481445
52.33025550842285
50.32491683959961
48.622846603393555
47.647953033447266
46.67830467224121
45.32170295715332
45.16339302062988
44.45385932922363
44.41213607788086
44.98791694641113
43.23983192443848
42.20461845397949
42.452335357666016
42.85860061645508
42.41204261779785
40.69805145263672
40.76743125915527
42.54794120788574
42.34933853149414
43.05243492126465
43.383121490478516
54.062843322753906
47.79767990112305
46.146392822265625
47.26362228393555
44.31867599487305
45.38297653198242
50.85563659667969
51.17034912109375
49.59464073181152
48.12359809875488
48.897504806518555
48.93016815185547
48.60877990722656
47.91879653930664
46.7984676361084
45.706987380981445
48.83170127868652
46.02456092834473
45.97306251525879
45.18437385559082
43.949127197265625
43.938398361206055
53.54428291320801
50.76122283935547
49.65019226074219
48.50125312805176
50.742387771606445
51.749467849731445
53.85923385620117
66.60866737365723
53.97486686706543
52.622318267822266
52.837371826171875
51.47242546081543
50.61984062194824
50.88472366333008
53.85780334472656
47.370195388793945
53.47275733947754
50.72736740112305
48.674583435058594
48.09212684631348
47.33538627624512
48.287391662597656
50.92954635620117
51.428794860839844
49.05343055725098
51.03135108947754
58.46118927001953
51.93901062011719
60.15467643737793
53.305625915527344
54.98909950256348
58.4261417388916
53.04408073425293
57.84106254577637
53.720951080322266
64.18371200561523
57.1436882019043
80.20162582397461
53.008317947387695
51.735877990722656
56.86163902282715
50.87757110595703
57.190895080566406
62.51883506774902
50.68016052246094
49.03984069824219
54.17490005493164
51.09357833862305
49.47614669799805
49.99876022338867
50.54736137390137
48.986196517944336
46.785831451416016
47.28531837463379
45.22562026977539
45.73559761047363
45.76277732849121
44.17848587036133
44.071197509765625
44.7847843170166
47.67632484436035
44.571638107299805
43.474435806274414
42.333126068115234
42.14644432067871
42.85573959350586
42.66762733459473
41.24784469604492
41.692495346069336
40.80033302307129
40.73691368103027
41.45550727844238
40.78364372253418
40.4660701751709
42.859792709350586
44.65842247009277
47.263145446777344
49.53908920288086
57.39188194274902
44.53897476196289
45.58610916137695
45.093536376953125
44.34466361999512
52.75273323059082
48.5532283782959
46.51331901550293
43.86115074157715
44.93880271911621
43.13492774963379
42.84334182739258
42.298316955566406
42.49763488769531
41.66150093078613
40.740013122558594
40.73047637939453
40.75932502746582
40.61317443847656
40.92860221862793
39.397478103637695
40.16590118408203
39.896488189697266
42.48356819152832
40.07601737976074
39.41941261291504
42.017459869384766
39.511919021606445
39.395809173583984
39.377450942993164
39.721012115478516
39.259910583496094
38.91491889953613
39.040565490722656
38.68865966796875
38.150787353515625
38.40899467468262
39.479970932006836
41.489601135253906
40.57121276855469
40.02952575683594
40.7710075378418
39.67452049255371
40.4200553894043
43.42031478881836
43.55001449584961
49.87764358520508
55.631160736083984
41.82028770446777
41.85032844543457
42.197465896606445
44.93451118469238
52.54673957824707
55.70411682128906
47.506093978881836
52.34479904174805
44.95859146118164
44.87752914428711
45.454978942871094
45.79949378967285
56.32305145263672
44.46244239807129
47.87302017211914
48.57230186462402
46.43130302429199
48.03276062011719
45.8834171295166
46.241044998168945
47.58191108703613
48.98548126220703
48.99311065673828
50.475358963012695
45.419931411743164
46.57244682312012
45.99452018737793
51.24926567077637
48.104286193847656
47.51300811767578
47.00326919555664
55.45830726623535
58.91251564025879
53.89070510864258
55.10449409484863
54.75592613220215
56.75220489501953
60.98151206970215
58.30669403076172
68.1161880493164
64.2404556274414
58.03203582763672
55.97090721130371
54.49056625366211
53.80749702453613
51.44953727722168
50.133705139160156
49.55267906188965
48.16460609436035
48.03466796875
47.67155647277832
64.25690650939941
49.56507682800293
49.094200134277344
47.84679412841797
54.30865287780762
50.14777183532715
46.91028594970703
45.892953872680664
45.27640342712402
43.73598098754883
43.85995864868164
43.95556449890137
42.568206787109375
42.89555549621582
42.78445243835449
43.50876808166504
42.19365119934082
42.17529296875
41.12577438354492
40.86494445800781
40.66944122314453
41.164398193359375
42.30356216430664
44.65603828430176
40.47870635986328
39.86763954162598
39.61682319641113
41.14198684692383
44.36230659484863
46.718597412109375
45.154571533203125
44.95596885681152
42.401790618896484
41.95213317871094
46.8442440032959
45.64714431762695
46.09990119934082
46.47541046142578
44.73304748535156
42.3736572265625
42.73629188537598
43.39194297790527
43.54715347290039
44.42143440246582
47.29270935058594
44.36159133911133
43.96653175354004
44.09980773925781
46.0047721862793
45.909881591796875
46.041011810302734
45.58229446411133
45.78423500061035
47.13320732116699
47.68037796020508
45.46618461608887
46.83852195739746
44.84367370605469
45.00412940979004
45.10021209716797
45.62997817993164
47.1041202545166
46.9210147857666
46.84638977050781
46.08726501464844
46.48017883300781
47.34349250793457
47.38354682922363
47.471046447753906
47.32871055603027
48.36916923522949
46.2644100189209
45.87721824645996
44.98171806335449
42.8774356842041
42.3738956451416
42.64497756958008
41.863441467285156
44.7695255279541
40.917396545410156
41.17083549499512
42.85740852355957
42.34647750854492
44.4488525390625
43.999671936035156
43.447256088256836
41.72205924987793
41.69464111328125
40.80557823181152
39.527177810668945
39.75391387939453
39.66188430786133
40.30489921569824
39.61825370788574
39.906978607177734
40.700435638427734
39.51573371887207
39.98923301696777
39.81828689575195
39.568424224853516
39.88981246948242
40.04192352294922
40.348052978515625
39.94345664978027
39.7334098815918
39.38770294189453
38.52438926696777
38.76519203186035
38.56945037841797
38.718461990356445
39.063215255737305
38.457632064819336
38.82622718811035
38.76090049743652
38.53130340576172
38.9554500579834
38.59281539916992
38.529396057128906
38.79523277282715
38.26427459716797
38.47861289978027
39.87622261047363
38.52486610412598
38.684844970703125
38.54060173034668
38.8646125793457
38.70892524719238
38.53893280029297
40.047407150268555
38.738250732421875
38.48552703857422
38.50269317626953
38.25688362121582
38.60807418823242
38.542747497558594
39.110660552978516
38.916826248168945
38.69748115539551
41.08142852783203
41.37229919433594
38.99049758911133
39.38031196594238
38.60783576965332
38.73777389526367
38.366079330444336
44.8002815246582
72.45516777038574
50.53281784057617
48.5224723815918
50.54593086242676
49.90506172180176
50.25148391723633
49.955129623413086
50.594329833984375
50.76789855957031
50.673484802246094
50.45318603515625
50.68612098693848
52.748918533325195
53.72452735900879
55.54699897766113
53.34281921386719
48.9809513092041
47.71590232849121
46.96536064147949
45.49050331115723
45.563697814941406
45.20249366760254
45.93825340270996
46.6463565826416
47.29151725769043
45.799970626831055
45.02272605895996
43.57647895812988
43.70737075805664
52.47616767883301
58.60590934753418
49.814701080322266
45.30072212219238
43.604373931884766
44.12198066711426
43.7469482421875
46.39768600463867
51.45978927612305
49.71432685852051
50.151824951171875
50.03714561462402
48.35057258605957
47.00350761413574
50.06074905395508
52.503347396850586
54.80217933654785
51.04970932006836
49.71194267272949
48.029184341430664
47.22762107849121
45.84646224975586
45.571088790893555
46.460628509521484
47.7604866027832
49.47400093078613
48.59018325805664
47.33562469482422
72.7691650390625
47.191619873046875
47.180891036987305
46.61989212036133
48.047542572021484
48.73371124267578
50.874948501586914
52.05965042114258
54.139137268066406
78.4902572631836
63.92025947570801
55.26924133300781
79.97250556945801
52.34551429748535
52.875518798828125
56.328535079956055
54.41546440124512
54.2607307434082
49.942731857299805
48.911333084106445
48.429250717163086
47.99818992614746
48.282623291015625
48.06089401245117
67.1229362487793
49.70288276672363
49.32427406311035
53.43484878540039
58.36200714111328
52.04582214355469
49.43561553955078
49.46303367614746
49.189090728759766
49.62658882141113
51.57208442687988
52.245378494262695
50.8570671081543
47.23310470581055
47.18279838562012
46.97585105895996
47.003746032714844
47.20020294189453
46.71955108642578
50.47416687011719
56.269168853759766
59.191226959228516
51.872968673706055
53.25508117675781
55.0382137298584
52.35099792480469
50.54807662963867
49.29947853088379
49.1032600402832
50.39238929748535
50.47035217285156
52.14071273803711
49.73936080932617
49.32761192321777
47.10698127746582
49.54981803894043
47.61075973510742
46.21315002441406
44.23189163208008
44.94619369506836
44.14772987365723
42.86479949951172
42.815446853637695
42.71841049194336
42.9534912109375
43.02334785461426
43.30897331237793
43.90835762023926
41.391611099243164
42.070627212524414
41.33439064025879
43.17307472229004
41.35012626647949
41.51654243469238
43.47658157348633
41.64719581604004
42.51408576965332
44.22426223754883
44.889211654663086
43.8075065612793
47.60861396789551
45.07780075073242
43.40815544128418
44.08454895019531
44.59357261657715
43.81394386291504
43.099164962768555
41.95570945739746
41.85628890991211
42.525291442871094
